Features CtxList vbc
100 470.954128 
90 402.933424 
80 324.345728 
70 344.495712 
60 235.067048 
50 226.970408 
40 115.184128 
30 194.210576 
20 228.071040 
15 268.913976 
14 257.322208 
13 48.396632 
12 221.742992 522.880832 
11 159.734160 560.481768 
10 226.869512 304.070352 
9 206.638352 234.213344 
8 217.172712 303.614648 
7 177.997528 160.546032 
6 169.892784 283.775168 
5 186.391400 173.869960 
4 170.569544 138.032536 
3 165.889344 130.069472 
2 164.803672 164.705344 
1 142.699376 104.128840 
